Id|Year|Month|Brent oil price|WCS oil price|WTI Cushing oil price|WTI Midland oil price
1|2013|1|112.32|59.34|94.830002|86.459999
2|2013|2|116.07|69.279999|95.32|94.169998
3|2013|3|109.54|72.860001|92.959999|92.610001
5|2013|5|103.28|74.599998|94.800003|94.910004
6|2013|6|103.34|81.120003|95.800003|95.589996
7|2013|7|107.43|87.050003|104.7|104.29
8|2013|8|110.45|83.440002|106.54|106.33
9|2013|9|111.25|78.370003|106.23|105.81
11|2013|11|107.9|58.380001|93.93|90.019997
14|2014|2|108.83|77.769997|100.68|94.779999
15|2014|3|107.75|79.269997|100.51|91.5
16|2014|4|108.09|83.040001|102.03|93.389999
20|2014|8|103.4|77.629997|96.080002|83.959999
22|2014|10|88.050003|70.639999|84.339996|78.360001
23|2014|11|79.629997|59.470001|75.809998|74.580002
25|2015|1|49.759998|33.400002|47.330002|44.82
27|2015|3|56.939999|34.41|47.849998|47.330002
30|2015|6|63.75|50.93|59.830002|59.73
34|2015|10|49.290001|31.4|46.290001|45.830002
36|2015|12|38.900002|23.84|37.330002|37.240002
38|2016|2|33.529999|17.690001|30.620001|30.610001
39|2016|3|39.790001|24.940001|37.959999|37.68
42|2016|6|49.93|36.310001|48.849998|48.240002
43|2016|7|46.529999|30.620001|44.799999|44.459999
54|2017|6|47.549999|34.880001|45.200001|44.349998
58|2017|10|57.650002|39.849998|51.59|51.599998
59|2017|11|62.869999|41.490002|56.66|56.990002
65|2018|5|77|53.099998|70|59.73
66|2018|6|75.900002|47.099998|67.300003|58.84
68|2018|8|73.800003|39.099998|67.900002|51.740002
86|2020|2|55.5|33.900002|50.5|51.419998
91|2020|7|43.220001|32.02|40.77|40.98
106|2021|10|83.75|66.949997|81.220001|81.639999
194|2003|2|30.360001|24.5|34.099998|32.860001
212|2004|8|42.009998|31.52|43.869999|42.290001
213|2004|9|42.009998|31.52|43.869999|42.290001
228|2005|12|57.380001|43.110001|60|57.830002
10|2013|10|109.44|68.769997|100.55|97.169998
13|2014|1|107.11|76.239998|94.860001|91.849998
21|2014|9|98.57|78.889999|93.029999|84.639999
29|2015|5|65.610001|50.810001|59.369999|58.650002
40|2016|4|43.34|27.280001|41.119999|40.68
46|2016|10|51.389999|35.830002|49.939999|49.75
49|2017|1|55.450001|38.790001|52.610001|53.349998
72|2018|12|57.700001|33|49|41.860001
81|2019|9|62.299999|44.5|57|57.18
82|2019|10|59.599998|37.799999|54|54.740002
92|2020|8|45.02|31.219999|42.389999|42.439999
102|2021|6|73.400002|57.419998|71.349998|71.459999
105|2021|9|74.879997|59.66|71.540001|72.099998
117|2022|9|118|101.2|112.2|113.2
166|2000|10|28.84|22.99|31.99|30.83
167|2000|11|28.84|22.99|31.99|30.83
170|2001|2|25.66|20.709999|28.82|27.780001
177|2001|9|24.790001|19.16|26.67|25.700001
182|2002|2|22.139999|15.56|21.66|20.870001
204|2003|12|28.77|22.41|31.190001|30.07
250|2007|10|90.910004|65.209999|90.75|87.470001
93|2020|9|41.869999|30.17|39.630001|39.75
96|2020|12|50.220001|33.48|47.07|47.959999
99|2021|3|65.699997|51.470001|62.360001|62.959999
230|2006|2|64.550003|45.459999|63.27|60.98
233|2006|5|71.980003|50.59|70.410004|67.870003
261|2008|9|112.07|84.82|118.05|113.78
12|2013|12|110.7|71.260002|97.889999|95.639999
19|2014|7|108.19|79.5|102.39|91.959999
24|2014|12|63.27|42.790001|59.290001|56.939999
28|2015|4|61.139999|43.27|54.630001|53.799999
32|2015|8|48.209999|25.969999|42.889999|44.689999
33|2015|9|48.540001|31.92|45.470001|46.720001
44|2016|8|47.16|30.299999|44.799999|44.630001
60|2017|12|64.089996|34.349998|57.950001|58.290001
62|2018|2|65.699997|35.299999|62.200001|61.810001
63|2018|3|66.699997|38.099998|62.799999|61.049999
80|2019|8|59.5|42.700001|54.799999|54.759998
100|2021|4|65.330002|50.5|61.689999|62.080002
114|2022|6|115|99.800003|109.8|110.8
164|2000|8|29.5|22.719999|31.610001|30.469999
185|2002|5|25.5|18.860001|26.25|25.299999
193|2003|1|30.360001|24.5|34.099998|32.860001
199|2003|7|28.49|21.709999|30.209999|29.120001
219|2005|3|50.09|35.73|49.73|47.93
224|2005|8|63.290001|45.41|63.189999|60.91
226|2005|10|57.380001|43.110001|60|57.830002
242|2007|2|62.459999|41.73|58.080002|55.98
4|2013|4|103.42|77.040001|92.07|91.860001
17|2014|5|109.24|83.25|101.79|94.309998
18|2014|6|111.97|85.040001|105.15|98.620003
26|2015|2|58.799999|37.470001|50.720001|49.529999
31|2015|7|56.759998|36.5|50.93|51.689999
35|2015|11|45.93|28.26|42.919998|42.02
47|2016|11|47.080002|30.620001|45.759998|45.650002
57|2017|9|55.509998|38.200001|49.880001|48.959999
61|2018|1|69.099998|37.700001|63.700001|64.629997
64|2018|4|71.800003|49.5|66.300003|61.34
67|2018|7|75|47.400002|70.599998|56.73
71|2018|11|66|18|56.700001|50.77
73|2019|1|60.200001|42|51.599998|48.380001
75|2019|3|67|48|58.200001|57.84
90|2020|6|40.77|29.48|38.310001|38.349998
95|2020|11|43.98|30.91|41.349998|41.419998
101|2021|5|68.309998|51.630001|65.160004|65.410004
109|2022|1|85.57|69.730003|82.980003|84.32
113|2022|5|112|96.5|106.5|107.5
115|2022|7|117|101|111|112
157|2000|1|26.280001|20.709999|28.82|27.780001
158|2000|2|26.280001|20.709999|28.82|27.780001
160|2000|4|27.59|20.68|28.780001|27.74
161|2000|5|27.59|20.68|28.780001|27.74
163|2000|7|29.5|22.719999|31.610001|30.469999
171|2001|3|25.66|20.709999|28.82|27.780001
174|2001|6|27.77|20.049999|27.91|26.9
179|2001|11|19.799999|14.66|20.4|19.66
186|2002|6|25.5|18.860001|26.25|25.299999
198|2003|6|26.110001|20.82|28.98|27.93
202|2003|10|28.77|22.41|31.190001|30.07
206|2004|2|30.969999|25.33|35.25|33.970001
208|2004|4|35.189999|27.559999|38.349998|36.970001
223|2005|7|63.290001|45.41|63.189999|60.91
227|2005|11|57.380001|43.110001|60|57.830002
235|2006|7|69.290001|50.599998|70.419998|67.870003
244|2007|4|69.029999|46.689999|64.980003|62.630001
37|2016|1|31.93|17.549999|31.780001|31.77
41|2016|5|47.650002|34.759998|46.799999|46.48
53|2017|5|51.389999|38.779999|48.540001|47.939999
56|2017|8|51.869999|37.98|48.060001|47.540001
83|2019|11|62.700001|37.5|57.099998|58.139999
87|2020|3|33.73|16.58|30.450001|28.200001
110|2022|2|94.099998|78.110001|91.629997|92.889999
112|2022|4|112|94.5|105.5|106.5
118|2022|10|120|101.2|114.2|115.2
120|2022|12|112|93.599998|106.6|107.6
168|2000|12|28.84|22.99|31.99|30.83
173|2001|5|27.77|20.049999|27.91|26.9
175|2001|7|24.790001|19.16|26.67|25.700001
176|2001|8|24.790001|19.16|26.67|25.700001
178|2001|10|19.799999|14.66|20.4|19.66
180|2001|12|19.799999|14.66|20.4|19.66
184|2002|4|25.5|18.860001|26.25|25.299999
190|2002|10|26.51|20.27|28.219999|27.200001
197|2003|5|26.110001|20.82|28.98|27.93
201|2003|9|28.49|21.709999|30.209999|29.120001
209|2004|5|35.189999|27.559999|38.349998|36.970001
222|2005|6|52.470001|38.119999|53.049999|51.139999
225|2005|9|63.290001|45.41|63.189999|60.91
234|2006|6|71.980003|50.59|70.410004|67.870003
236|2006|8|69.290001|50.599998|70.419998|67.870003
239|2006|11|61.380001|43.099998|59.98|57.810001
241|2007|1|62.459999|41.73|58.080002|55.98
243|2007|3|62.459999|41.73|58.080002|55.98
246|2007|6|69.029999|46.689999|64.980003|62.630001
248|2007|8|76.300003|54.23|75.470001|72.739998
252|2007|12|90.910004|65.209999|90.75|87.470001
50|2017|2|56|39.490002|53.459999|53.560001
203|2003|11|28.77|22.41|31.190001|30.07
262|2008|10|54.799999|41.919998|58.349998|56.240002
264|2008|12|54.799999|41.919998|58.349998|56.240002
266|2009|2|47.150002|34.150002|42.91|41.360001
271|2009|7|70.139999|58.18|68.199997|65.739998
272|2009|8|70.139999|58.18|68.199997|65.739998
274|2009|10|77.199997|64.07|76.059998|73.309998
275|2009|11|77.199997|64.07|76.059998|73.309998
277|2010|1|77.25|69.669998|78.639999|75.800003
278|2010|2|77.25|69.669998|78.639999|75.800003
281|2010|5|79.029999|63.950001|77.790001|74.980003
284|2010|8|78.379997|60.549999|76.050003|73.300003
291|2011|3|110.06|71.239998|93.540001|90.160004
293|2011|5|118.37|84.919998|102.23|98.540001
294|2011|6|118.37|84.919998|102.23|98.540001
297|2011|9|111.45|72.139999|89.720001|86.470001
299|2011|11|109.15|83.57|94.010002|90.620003
302|2012|2|118.84|81.510002|102.88|99.160004
311|2012|11|110.35|70.07|87.959999|84.779999
88|2020|4|26.6|7.1700001|16.700001|16.709999
97|2021|1|55.32|38.529999|52.099998|53.18
45|2016|9|47.240002|31.129999|45.23|44.66
55|2017|7|49.150002|36.950001|46.68|45.560001
70|2018|10|80.599998|26.299999|70.800003|64.669998
77|2019|5|70.300003|46.400002|60.900002|58.380001
78|2019|6|63|41.599998|54.700001|54.16
94|2020|10|41.52|29.57|39.549999|39.59
98|2021|2|62.279999|47.759998|59.060001|60.009998
103|2021|7|74.300003|58.740002|72.43|72.300003
104|2021|8|70.5|54.5|67.709999|67.949997
111|2022|3|113|94.699997|106.7|107.7
116|2022|8|122|105.5|116.5|117.5
119|2022|11|119|100.9|113.9|114.9
162|2000|6|27.59|20.68|28.780001|27.74
183|2002|3|22.139999|15.56|21.66|20.870001
191|2002|11|26.51|20.27|28.219999|27.200001
192|2002|12|26.51|20.27|28.219999|27.200001
195|2003|3|30.360001|24.5|34.099998|32.860001
205|2004|1|30.969999|25.33|35.25|33.970001
216|2004|12|44.98|34.709999|48.299999|46.549999
220|2005|4|52.470001|38.119999|53.049999|51.139999
231|2006|3|64.550003|45.459999|63.27|60.98
237|2006|9|69.290001|50.599998|70.419998|67.870003
249|2007|9|76.300003|54.23|75.470001|72.739998
253|2008|1|97.540001|70.370003|97.940002|94.400002
48|2016|12|54.919998|36.57|52.169998|52.830002
51|2017|3|52.540001|36.32|49.669998|48.759998
52|2017|4|53.82|41.369999|51.119999|49.950001
69|2018|9|79.099998|38.200001|70.099998|57.860001
74|2019|2|64.400002|43.400002|55|55.009998
76|2019|4|71.599998|54|63.900002|60.400002
84|2019|12|65.199997|38.5|59.799999|60.73
108|2021|12|74.800003|55.490002|71.690002|72.370003
159|2000|3|26.280001|20.709999|28.82|27.780001
165|2000|9|29.5|22.719999|31.610001|30.469999
188|2002|8|27.219999|20.360001|28.34|27.32
189|2002|9|27.219999|20.360001|28.34|27.32
196|2003|4|26.110001|20.82|28.98|27.93
207|2004|3|30.969999|25.33|35.25|33.970001
210|2004|6|35.189999|27.559999|38.349998|36.970001
211|2004|7|42.009998|31.52|43.869999|42.290001
214|2004|10|44.98|34.709999|48.299999|46.549999
215|2004|11|44.98|34.709999|48.299999|46.549999
217|2005|1|50.09|35.73|49.73|47.93
221|2005|5|52.470001|38.119999|53.049999|51.139999
229|2006|1|64.550003|45.459999|63.27|60.98
232|2006|4|71.980003|50.59|70.410004|67.870003
238|2006|10|61.380001|43.099998|59.98|57.810001
240|2006|12|61.380001|43.099998|59.98|57.810001
245|2007|5|69.029999|46.689999|64.980003|62.630001
247|2007|7|76.300003|54.23|75.470001|72.739998
251|2007|11|90.910004|65.209999|90.75|87.470001
254|2008|2|97.540001|70.370003|97.940002|94.400002
85|2020|1|63.700001|34.599998|57.5|58.290001
169|2001|1|25.66|20.709999|28.82|27.780001
172|2001|4|27.77|20.049999|27.91|26.9
181|2002|1|22.139999|15.56|21.66|20.870001
255|2008|3|97.540001|70.370003|97.940002|94.400002
218|2005|2|50.09|35.73|49.73|47.93
257|2008|5|126.32|89.059998|123.95|119.47
258|2008|6|126.32|89.059998|123.95|119.47
259|2008|7|112.07|84.82|118.05|113.78
260|2008|8|112.07|84.82|118.05|113.78
265|2009|1|47.150002|34.150002|42.91|41.360001
267|2009|3|47.150002|34.150002|42.91|41.360001
268|2009|4|61.869999|52.189999|59.439999|57.290001
269|2009|5|61.869999|52.189999|59.439999|57.290001
270|2009|6|61.869999|52.189999|59.439999|57.290001
273|2009|9|70.139999|58.18|68.199997|65.739998
279|2010|3|77.25|69.669998|78.639999|75.800003
280|2010|4|79.029999|63.950001|77.790001|74.980003
282|2010|6|79.029999|63.950001|77.790001|74.980003
285|2010|9|78.379997|60.549999|76.050003|73.300003
286|2010|10|87.940002|67.059998|85.099998|82.019997
287|2010|11|87.940002|67.059998|85.099998|82.019997
288|2010|12|87.940002|67.059998|85.099998|82.019997
289|2011|1|110.06|71.239998|93.540001|90.160004
295|2011|7|111.45|72.139999|89.720001|86.470001
296|2011|8|111.45|72.139999|89.720001|86.470001
298|2011|10|109.15|83.57|94.010002|90.620003
300|2011|12|109.15|83.57|94.010002|90.620003
303|2012|3|118.84|81.510002|102.88|99.160004
304|2012|4|106.38|70.620003|93.43|90.050003
306|2012|6|106.38|70.620003|93.43|90.050003
308|2012|8|110.63|70.489998|92.18|88.849998
309|2012|9|110.63|70.489998|92.18|88.849998
301|2012|1|118.84|81.510002|102.88|99.160004
307|2012|7|110.63|70.489998|92.18|88.849998
312|2012|12|110.35|70.07|87.959999|84.779999
79|2019|7|64.199997|44.5|57.599998|56.389999
89|2020|5|32.41|22.18|28.530001|29.959999
107|2021|11|80.849998|60.029999|78.650002|79.510002
256|2008|4|126.32|89.059998|123.95|119.47
200|2003|8|28.49|21.709999|30.209999|29.120001
187|2002|7|27.219999|20.360001|28.34|27.32
263|2008|11|54.799999|41.919998|58.349998|56.240002
276|2009|12|77.199997|64.07|76.059998|73.309998
283|2010|7|78.379997|60.549999|76.050003|73.300003
290|2011|2|110.06|71.239998|93.540001|90.160004
292|2011|4|118.37|84.919998|102.23|98.540001
305|2012|5|106.38|70.620003|93.43|90.050003
310|2012|10|110.35|70.07|87.959999|84.779999
